2-dimensional DenseAxisArray{Float64,2,...} with index sets:
    Dimension 1, Any["AC", "AG", "BK", "BO", "CD", "DE", "EF", "EI", "GH", "GL"  …  "KI", "KM", "KP", "LI", "LM", "LQ", "OP", "PN", "PQ", "RO"]
    Dimension 2, [1, 2, 3, 4, 5, 6, 7]
And data, a 22×7 Matrix{Float64}:
  2.0   4.0   2.0   3.0   1.0   3.0   0.0
 10.0   2.0  10.0   9.0  11.0   0.0  12.0
 12.0  12.0  12.0  12.0  12.0  12.0   6.0
  0.0   0.0   0.0   0.0   0.0   0.0   0.0
  2.0   3.0   2.0   4.0   1.0   4.0   0.0
  8.0   9.0  10.0   8.0  11.0   8.0   5.0
  5.0   2.0   9.0   2.0   8.0   3.0   4.0
  2.0   6.0   3.0  10.0   2.0   7.0   2.0
  0.0   0.0   0.0   0.0   0.0   0.0   0.0
 12.0   0.0  12.0  11.0  12.0   3.0  12.0
  0.0   0.0   0.0   0.0   0.0   0.0   0.0
  0.0   0.0   0.0   0.0   0.0   0.0   0.0
  0.0   0.0   0.0   0.0   0.0   0.0   0.0
  0.0   0.0   0.0   0.0   0.0   0.0   0.0
  3.0   3.0   4.0   3.0   3.0   4.0   2.0
  0.0   0.0   0.0   0.0   0.0   0.0   0.0
 12.0   2.0  12.0   6.0  12.0   3.0  12.0
  0.0   0.0   0.0   0.0   0.0   0.0   0.0
  0.0   0.0   0.0   0.0   0.0   0.0   0.0
  4.0  12.0  10.0  12.0   4.0  12.0   3.0
  4.0   1.0   8.0   3.0   6.0   2.0   3.0
  0.0   0.0   0.0   0.0   0.0   0.0   0.0
2-dimensional DenseAxisArray{Float64,2,...} with index sets:
    Dimension 1, Any["AC", "AG", "BK", "BO", "CD", "DE", "EF", "EI", "GH", "GL"  …  "KI", "KM", "KP", "LI", "LM", "LQ", "OP", "PN", "PQ", "RO"]
    Dimension 2, [1, 2, 3, 4, 5, 6, 7]
And data, a 22×7 Matrix{Float64}:
  2.0   0.0   2.0   0.0   0.0   1.0  0.0
 10.0  12.0  10.0  12.0  12.0  11.0  9.0
  0.0   0.0   0.0   0.0   0.0   0.0  0.0
  0.0   0.0   0.0   0.0   0.0   0.0  0.0
  1.0   0.0   1.0   1.0   1.0   1.0  0.0
  2.0   2.0   2.0   2.0   2.0   2.0  1.0
  6.0   3.0   9.0   5.0   9.0   4.0  5.0
  3.0   8.0   3.0   7.0   3.0   7.0  3.0
  2.0   2.0   2.0   2.0   3.0   2.0  1.0
  2.0   1.0   2.0   2.0   2.0   2.0  2.0
  5.0  11.0   8.0  12.0   7.0  12.0  5.0
  6.0   2.0  12.0   4.0  12.0   1.0  1.0
  0.0   0.0   0.0   0.0   0.0   0.0  0.0
  0.0   0.0   0.0   0.0   0.0   0.0  0.0
  0.0   0.0   0.0   0.0   0.0   0.0  0.0
  0.0   0.0   1.0   4.0   0.0   4.0  0.0
  9.0   4.0  11.0   7.0  12.0   5.0  7.0
  3.0   3.0   0.0   3.0   0.0   4.0  7.0
  0.0   0.0   0.0   0.0   0.0   0.0  0.0
  0.0   0.0   0.0   0.0   0.0   0.0  0.0
  0.0   0.0   0.0   0.0   0.0   0.0  0.0
  0.0   0.0   0.0   0.0   0.0   0.0  0.0
